%YAML:1.0
Q: !!opencv-matrix
   rows: 3
   cols: 3
   dt: d
   data: [ -2.2404930828091585e-02, -8.7705025625366539e-01,
       6.5541333316886221e+02, -1.1155590081349283e+00,
       4.4002093029685341e-01, 7.8204323702479394e+02,
       -1.1716278891753425e-04, 1.0117931607712240e-03, 1. ]
