%YAML:1.0
Q: !!opencv-matrix
   rows: 3
   cols: 3
   dt: d
   data: [ -1.8443337112512573e-01, 8.1718899975911583e+00,
       5.7273756597552551e+02, 3.3960213971094415e+00,
       2.3273223155074261e+00, -2.9661663735358809e+02,
       -8.8056563697705808e-05, 2.7985642166868147e-03, 1. ]
