%YAML:1.0
Q: !!opencv-matrix
   rows: 3
   cols: 3
   dt: d
   data: [ -8.4731163134818377e-02, -1.7229593908727847e+00,
       1.0881438291088409e+03, -2.5148344476615128e+00,
       1.7877885927880219e-01, 8.3236160263382078e+02,
       -4.7874659645419284e-06, 3.3360053111029576e-03, 1. ]
