%YAML:1.0
D: !!opencv-matrix
   rows: 1
   cols: 5
   dt: d
   data: [ -1.9866263551255392e-03, -2.6886075768391832e-02,
       -1.1752610687831859e-03, 3.4695038720321600e-04,
       5.1753961468053280e-03 ]
CM: !!opencv-matrix
   rows: 3
   cols: 3
   dt: d
   data: [ 2.4682518365288601e+02, 0., 3.1582117998111363e+02, 0.,
       2.4641614078914981e+02, 2.7742424854509591e+02, 0., 0., 1. ]
size: [ 640, 480 ]
fps: 30
