%YAML:1.0
Q: !!opencv-matrix
   rows: 3
   cols: 3
   dt: d
   data: [ -5.5681736975439211e-03, -7.2408984943599952e-01,
       3.4869203411468590e+02, -7.5546360089306885e-01,
       4.6070638235102723e-01, 4.8278806543641889e+02,
       1.8623816450245249e-05, 1.8110752332557893e-03, 1. ]
