%YAML:1.0
Q: !!opencv-matrix
   rows: 3
   cols: 3
   dt: d
   data: [ -3.1098167698012014e-01, 1.0764353577773699e+01,
       1.5081857523027661e+03, 3.4347358473737071e+00,
       2.3906411116511799e+00, -3.3258047552530297e+02,
       -7.9798448711564389e-05, 2.8038522862503432e-03, 1. ]
