%YAML:1.0
Q: !!opencv-matrix
   rows: 3
   cols: 3
   dt: d
   data: [ 1.7138381649658307e-02, -1.9750576989218132e+00,
       1.3169556844575568e+03, -3.2772195715785992e+00,
       -3.4057718896378375e-03, 1.0393012780862796e+03,
       1.2773334431852648e-04, 5.9735373357372810e-03, 1. ]
