%YAML:1.0
Q: !!opencv-matrix
   rows: 3
   cols: 3
   dt: d
   data: [ 2.3682718871218089e-02, -1.3405502439558583e+00,
       6.1806941524717809e+02, -1.4914704679325039e+00,
       -1.7197621766957522e-02, 4.8366433571958987e+02,
       2.7897778144141388e-05, 8.3114875001908100e-04, 1. ]
